g	358	367	4	4	0	0	15s	100	1	36601
g	359	373	4	4	0	0	15s	100	1	36602
g	364	391	4	4	0	0	15s	100	1	36601
g	369	383	4	4	0	0	15s	100	1	36602
g	372	390	4	4	0	0	15s	100	1	36601
g	374	362	4	4	0	0	15s	100	1	36602
g	380	393	4	4	0	0	15s	100	1	36601
g	382	348	4	4	0	0	15s	100	1	36602
g	384	358	4	4	0	0	15s	100	1	36601
g	388	404	4	4	0	0	15s	100	1	36602
g	391	383	4	4	0	0	15s	100	1	36601
g	393	344	4	4	0	0	15s	100	1	36602
g	397	371	4	4	0	0	15s	100	1	36601
g	402	361	4	4	0	0	15s	100	1	36602
g	402	401	4	4	0	0	15s	100	1	36601
g	407	391	4	4	0	0	15s	100	1	36602
g	411	362	4	4	0	0	15s	100	1	36601
