// MT2009_PLUS_BLUE_DRAGON_V1: the guild lair's spawn (CDragonLairManager::Start, questlua_dragonlair.cpp;
// no active quest uses it). The stock file pointed seven lines at group_group 50000, which does not
// exist; they are the lair's Setaou packs now (group_group 2413), with the dragon and his four stones.
m	181	173	0	0	0	0	1s	100	1	2493
m	160	150	0	0	0	0	1s	100	1	8031
m	202	150	0	0	0	0	1s	100	1	8032
m	160	196	0	0	0	0	1s	100	1	8033
m	202	196	0	0	0	0	1s	100	1	8034
r	159	133	10	10	0	0	1200s	100	1	2414
r	189	143	10	10	0	0	3300s	100	1	2413
r	220	150	10	10	0	0	3300s	100	1	2414
r	144	151	10	10	0	0	3300s	100	1	2413
r	211	153	10	10	0	0	3300s	100	1	2413
r	209	154	10	10	0	0	1200s	100	1	2413
r	172	160	10	10	0	0	5300s	100	1	2413
r	181	162	10	10	0	0	8300s	100	1	2413
r	141	186	10	10	0	0	8300s	100	1	2413
r	156	186	10	10	0	0	300s	100	1	2414
r	166	192	10	10	0	0	5300s	100	1	2413
r	149	194	10	10	0	0	1200s	100	1	2414
r	220	201	10	10	0	0	300s	100	1	2413
m	159	133	10	10	0	0	5300s	100	1	2412
m	189	143	10	10	0	0	5300s	100	1	2414
m	220	150	10	10	0	0	5300s	100	1	2412
m	211	153	10	10	0	0	5300s	100	1	2412
m	172	160	10	10	0	0	3300s	100	1	2412
m	141	186	10	10	0	0	300s	100	1	2412
m	166	192	10	10	0	0	300s	100	1	2412
m	149	194	10	10	0	0	300s	100	1	2414
m	220	201	10	10	0	0	300s	100	1	2412
m	170	160	10	10	0	0	300s	100	1	2412
m	170	160	10	10	0	0	300s	100	1	2412
m	190	180	10	10	0	0	300s	100	1	2414
