// MT2009_PLUS_DUNGEONS_V1 (nemere): room around (422,225); groups of groups ice_dungeon_1..3 (group_group.txt 6051-6053)
r	436	225	6	6	0	0	60s	100	1	6051
r	443	237	6	6	0	0	60s	100	1	6051
r	429	237	6	6	0	0	60s	100	1	6051
r	422	249	6	6	0	0	60s	100	1	6051
r	415	237	6	6	0	0	60s	100	1	6051
r	401	237	6	6	0	0	60s	100	1	6051
r	408	225	6	6	0	0	60s	100	1	6051
r	401	213	6	6	0	0	60s	100	1	6051
r	415	213	6	6	0	0	60s	100	1	6052
r	422	201	6	6	0	0	60s	100	1	6052
r	429	213	6	6	0	0	60s	100	1	6052
r	443	213	6	6	0	0	60s	100	1	6052
