// MT2009_PLUS_DUNGEONS_V1 (nemere): room around (175,498); groups of groups ice_dungeon_1..3 (group_group.txt 6051-6053)
r	189	498	6	6	0	0	60s	100	1	6052
r	196	510	6	6	0	0	60s	100	1	6052
r	182	510	6	6	0	0	60s	100	1	6052
r	175	522	6	6	0	0	60s	100	1	6052
r	168	510	6	6	0	0	60s	100	1	6052
r	154	510	6	6	0	0	60s	100	1	6052
r	161	498	6	6	0	0	60s	100	1	6052
r	154	486	6	6	0	0	60s	100	1	6052
r	168	486	6	6	0	0	60s	100	1	6053
r	175	474	6	6	0	0	60s	100	1	6053
r	182	486	6	6	0	0	60s	100	1	6053
r	196	486	6	6	0	0	60s	100	1	6053
