// MT2009_PLUS_DUNGEONS_V1 (nemere): room around (171,232); groups of groups ice_dungeon_1..3 (group_group.txt 6051-6053)
r	185	232	6	6	0	0	60s	100	1	6051
r	192	244	6	6	0	0	60s	100	1	6051
r	178	244	6	6	0	0	60s	100	1	6051
r	171	256	6	6	0	0	60s	100	1	6051
r	164	244	6	6	0	0	60s	100	1	6051
r	150	244	6	6	0	0	60s	100	1	6051
r	157	232	6	6	0	0	60s	100	1	6051
r	150	220	6	6	0	0	60s	100	1	6051
r	164	220	6	6	0	0	60s	100	1	6051
r	171	208	6	6	0	0	60s	100	1	6051
r	178	220	6	6	0	0	60s	100	1	6051
r	192	220	6	6	0	0	60s	100	1	6051
