// MT2009_PLUS_DUNGEONS_V1 (nemere): room around (764,228); groups of groups ice_dungeon_1..3 (group_group.txt 6051-6053)
r	778	228	6	6	0	0	60s	100	1	6052
r	785	240	6	6	0	0	60s	100	1	6052
r	771	240	6	6	0	0	60s	100	1	6052
r	764	252	6	6	0	0	60s	100	1	6052
r	757	240	6	6	0	0	60s	100	1	6052
r	743	240	6	6	0	0	60s	100	1	6052
r	750	228	6	6	0	0	60s	100	1	6052
r	743	216	6	6	0	0	60s	100	1	6052
r	757	216	6	6	0	0	60s	100	1	6052
r	764	204	6	6	0	0	60s	100	1	6052
r	771	216	6	6	0	0	60s	100	1	6052
r	785	216	6	6	0	0	60s	100	1	6052
