// MT2009_PLUS_DUNGEONS_V1 (nemere): room around (571,664); groups of groups ice_dungeon_1..3 (group_group.txt 6051-6053)
r	585	664	6	6	0	0	60s	100	1	6053
r	592	676	6	6	0	0	60s	100	1	6053
r	578	676	6	6	0	0	60s	100	1	6053
r	571	688	6	6	0	0	60s	100	1	6053
r	564	676	6	6	0	0	60s	100	1	6053
r	550	676	6	6	0	0	60s	100	1	6053
r	557	664	6	6	0	0	60s	100	1	6053
r	550	652	6	6	0	0	60s	100	1	6053
r	564	652	6	6	0	0	60s	100	1	6053
r	571	640	6	6	0	0	60s	100	1	6053
r	578	652	6	6	0	0	60s	100	1	6053
r	592	652	6	6	0	0	60s	100	1	6053
