m	237	254	5	5	0	0	15s	100	3	9703
m	237	291	5	5	0	0	15s	100	3	9703
m	243	305	5	5	0	0	15s	100	3	9703
m	246	281	5	5	0	0	15s	100	3	9703
m	249	296	5	5	0	0	15s	100	3	9703
m	256	256	5	5	0	0	15s	100	3	9703
m	259	269	5	5	0	0	15s	100	3	9703
m	266	245	5	5	0	0	15s	100	3	9703
m	270	271	5	5	0	0	15s	100	3	9703
m	274	282	5	5	0	0	15s	100	3	9703
m	279	255	5	5	0	0	15s	100	3	9703
m	288	305	5	5	0	0	15s	100	3	9703
m	290	255	5	5	0	0	15s	100	3	9703
m	291	245	5	5	0	0	15s	100	3	9703
m	301	300	5	5	0	0	15s	100	3	9703
