# Zestawy kostiumow MT2009 PLUS (server-patches/playerqol, MT2009_PLUS_COSTUME_SET_V1).
# Zestaw dziala, gdy postac ma zalozony kostium i fryzure z tej samej linii:
# +800 PZ i +15 wartosci ataku. Kolumny oddzielone tabulatorem:
# nazwa<TAB>kostiumy (vnumy po przecinku)<TAB>fryzury (vnumy po przecinku)
# Linie od # sa pomijane. Plik czyta serwer przy starcie.
Ajolosa	41678,41680,41682,41684	45356,45358,45360,45362
ALG	41328,41329,41392,41393	45426,45427
ARG	41330,41331,41394,41395	45428,45429
Astrajosa	41679,41681,41683,41685	45357,45359,45361,45363
Atlantydy	41932,41933,41934,41935	45672,45673,45674,45675
AUS	41332,41333,41396,41397	45430,45431
Avalonu	41630,41631,41632,41633,41634,41635,41636,41637	45320,45321,45322,45323,45324,45325,45326,45327
Azraela	41315,41316,41317,41318,41726,41727,41728,41729	45151,45152,45153,45154,45412,45413,45414,45415
Ba³wana	41481,41485	45174,45178
BEL	41334,41335,41398,41399	45432,45433
BIH	41336,41337,41400,41401	45434,45435
Boksera	41021,41022,41023,41025,41026,41027,41028,41047,41048,41049,41050,41051,41052,41053,41054,41075,41076,41077,41078,41079,41080,41081,41082,41083,41084,41105,41106,41107,41108,41109,41110,41111,41112,41113,41114	45010,45018,45019,45020,45021,45022,45023,45024,45025,45026,45035,45036,45037,45038,45039,45040,45041,45042
BRA	41011,41012,41019,41020,41027,41028,41037,41038,41045,41046,41053,41054,41338,41339,41402,41403,41666,41667,41668,41669	45020,45028,45036,45044
CHI	41342,41343,41406,41407	45438,45439
Cieni	41960,41962	45704,45706
CIV	41348,41349,41412,41413	45444,45445
CMR	41340,41341,41404,41405	45436,45437
COL	41344,41345,41408,41409	45440,45441
CRC	41346,41347,41410,41411	45442,45443
CRO	41350,41351,41414,41415	45446,45447
Cza	41791,41793,41795,41797	45527,45529,45531,45533
Damy	41946,41947	45614,45618,45686,45687
DEN	41642,41643,41644,41645	45344,45350
Dokkaebi	41814,41815,41816,41817,41818,41819,41820,41821	45554,45555,45556,45557,45558,45559,45560,45561
Dyniowa	41125,41126,41135,41136	45061,45062,45073,45074,45170,45172
Dziadka	41480,41484	45175,45179
D¿inna	41758,41760,41762,41764	45490,45492,45494,45496
ECU	41352,41353,41416,41417	45448,45449
EGY	41742,41743,41744,41745	45422,45423
ENG	41354,41355,41418,41419	45450,45451
ESP	41063,41064,41073,41074,41083,41084,41093,41094,41103,41104,41113,41114,41384,41385,41448,41449	45026,45034,45042,45050
Faraona	41488,41489,41492,41493,41798,41799,41800,41801,41802,41803,41804,41805	45534,45535,45536,45537,45538,45539,45540,45541
Feniksa	41458,41466	45184,45185,45188,45189
FRA	41055,41056,41065,41066,41075,41076,41085,41086,41095,41096,41105,41106,41356,41357,41420,41421	45022,45030,45038,45046
GER	41007,41008,41015,41016,41023,41024,41033,41034,41041,41042,41049,41050,41358,41359,41422,41423	45008,45010,45016,45018,45452,45453
GHA	41360,41361,41424,41425	45454,45455
GRE	41362,41363,41426,41427	45456,45457
Gwardia	41686,41687,41688,41689,41690,41691,41692,41693	45364,45365,45366,45367,45368,45369,45370,45371
Gwiazdy	41719,41721,41723,41725	45393,45395,45397,45399
HON	41364,41365,41428,41429	45458,45459
Horroru	41592,41593,41594,41595,41596,41597,41598,41599	45282,45283,45284,45285,45286,45287,45288,45289
Hrabina	41875,41879	45615,45619
HUN	41654,41655,41656,41657	45345,45351
IRN	41366,41367,41430,41431	45460,45461
ISL	41746,41747,41748,41749	45424,45425
ITA	41057,41058,41067,41068,41077,41078,41087,41088,41097,41098,41107,41108,41368,41369,41432,41433	45023,45031,45039,45047
Jacka	41320	45158,45159
JPN	41370,41371,41434,41435	45462,45463
Kobry	41307,41308,41309,41310,41319,41459,41467	45135,45136,45137,45138,45155
KOR	41372,41373,41436,41437	45464,45465
Korsarz	41767,41769,41771,41773	45499,45501,45503,45505
Królik	41790,41791,41792,41793,41794,41795,41796,41797	45526,45527,45528,45529,45530,45531,45532,45533
KSA	41638,41639,41640,41641	45347,45353
Ksiê¿	41941,41943,41953,41955	45681,45683,45697,45699
Ksiê¿yca	41324,41325,41326,41327,41718,41720,41722,41724,41856,41857,41860,41861	45160,45161,45162,45163,45392,45394,45396,45398
Legionisty	41904,41905,41906,41907,41908,41909,41910,41911	45644,45645,45646,45647,45648,45649,45650,45651
Lorda	41944,41945	45612,45616,45684,45685
Marynarski	41806,41807,41808,41809,41810,41811,41812,41813	45546,45547,45548,45549,45550,45551,45552,45553
MEX	41374,41375,41438,41439	45466,45467
Morski	41832,41833,41834,41835,41836,41837,41838,41839	45572,45573,45574,45575,45576,45577,45578,45579
Mroku	41718,41720,41722,41724	45392,45394,45396,45398
Mroza	41480,41484	45175,45179
Muszkietera	41117,41129	45053,45065
NED	41376,41377,41440,41441	45468,45469
NGA	41378,41379,41442,41443	45470,45471
Nocy	41937,41939,41983,41985	45677,45679,45727,45729
Piasku	41948,41949,41950,41951	45688,45689,45690,45691
Pla¿owy	41864,41865,41866,41867,41868,41869,41870,41871,41888,41889,41890,41891,41892,41893,41894,41895	45628,45629,45630,45631,45632,45633,45634,45635
Pokojówki	41118,41130	45054,45066
POL	41059,41060,41069,41070,41079,41080,41089,41090,41099,41100,41109,41110,41662,41663,41664,41665	45024,45032,45040,45048,45346,45352
POR	41380,41381,41444,41445	45472,45473
Potêpienia	41822,41823	45562,45563
Proroka	41710,41711,41712,41713,41714,41715,41716,41717	45384,45385,45386,45387,45388,45389,45390,45391
Pumpkina	41320,41321,41322,41323	45156,45157,45158,45159
Pust	41312,41313,41314	75017,75018
Pustynny	41003,41004,41029,41311,41496,41497,41528,41529,41532,41533	74267,74268,74767,74768,75417,75418
Renifera	41143,41144,41151,41152	45079,45080,45085,45086
ROU	41061,41062,41071,41072,41081,41082,41091,41092,41101,41102,41111,41112,41658,41659,41660,41661	45025,45033,45041,45049
RUS	41382,41383,41446,41447	45474,45475
Salsa	41119,41120,41131,41132	45056,45068
Samuraja	41584,41585,41586,41587,41588,41589,41590,41591,41848,41849,41850,41851,41852,41853,41854,41855,41960,41961,41962,41963	45274,45275,45276,45277,45278,45279,45280,45281,45704,45706
S³on	41940,41942,41952,41954	45680,45682,45696,45698
Œmierci	41980,41981	45722
Smoczy	41173,41174,41237,41238,41978,41979	45400,45401,45402,45403
Smoka	41686,41687,41688,41689,41690,41691,41692,41693	45364,45365,45366,45367,45368,45369,45370,45371
Œniegu	41961,41963	45705,45707
SRB	41738,41739,41740,41741	45420,45421
Steamp	41600,41601,41602,41603,41604,41605,41606,41607,41872,41873,41874,41875,41876,41877,41878,41879	45290,45291,45292,45293,45294,45295,45296,45297
Stra¿aka	41694,41695,41696,41697,41698,41699,41700,41701	45372,45373,45374,45375,45376,45377,45378,45379
SUI	41386,41387,41450,41451	45476,45477
Su³tana	41759,41761,41763,41765	45491,45493,45495,45497
Sungura	41608,41609,41610,41611,41612,41613,41614,41615	45300,45301,45304,45305
SVK	41646,41647,41648,41649	45348,45354
SWE	41730,41731,41732,41733	45416,45417
Œwi¹t	41137,41138,41139,41140,41141,41142,41145,41146,41147,41148,41149,41150,41782,41783,41784,41785,41786,41787,41788,41789,41964,41966	45075,45076,45077,45081,45082,45083,45258,45259,45262,45263,45264,45265,45518,45519,45520,45521,45522,45523,45524,45525,45708,45710
Œwiat³a	41974,41975,41976,41977,41982,41984	45726,45728
Szamanki	41896,41897,41898,41899,41900,41901,41902,41903	74763,74764,74765,74766,74767,74768,74769,74770,75613,75614,75615,75616,75617,75618,75619,75620
Szczodrego	41912,41914,41916,41918	45652,45654,45656,45658
Szermierza	41005,41006,41007,41008,41009,41010,41011,41012,41031,41032,41033,41034,41035,41036,41037,41038,41055,41056,41057,41058,41059,41060,41061,41062,41063,41064,41085,41086,41087,41088,41089,41090,41091,41092,41093,41094	45006,45014
Szp	41750,41751,41752,41753,41754,41755,41756,41757	45482,45483,45484,45485,45486,45487,45488,45489
TUN	41734,41735,41736,41737	45418,45419
TUR	41009,41010,41017,41018,41025,41026,41035,41036,41043,41044,41051,41052,41650,41651,41652,41653	45019,45027,45035,45043,45349,45355
URU	41388,41389,41452,41453	45478,45479
USA	41390,41391,41454,41455	45480,45481
Walkiria	41984,41985	45728,45729
Wamp	41840,41842	45580,45581,45582,45583
Wampira	41560,41561,41562,41563,41564,41565,41566,41567	45250,45251,45252,45253,45254,45255,45256,45257,45584,45585,45586,45587
Wiking	41982,41983	45726,45727
W³adcy	41980	45722
Wukong	41940,41941,41942,41943,41952,41953,41954,41955	45680,45681,45682,45683,45696,45697,45698,45699
Zaj¹ca	41001,41291,41292,41293,41294,41299,41300,41301,41302,41504,41505,41508,41509,41540,41541,41544,41545	45002,45119,45120,45121,45122,45127,45128,45129,45130,45134,45190,45191,45194,45195,45222,45223,45226,45227
Zaj¹czka	41002,41295,41296,41297,41298,41303,41304,41305,41306,41542,41543,41546,41547	45001,45123,45124,45125,45126,45131,45132,45133,45224,45225,45228,45229
Zaœwiatu	41775,41777,41779,41781	45511,45513,45515,45517
Zêbaty	41512,41513,41514,41515,41516,41517,41518,41519	45206,45207,45208,45209,45210,45211,45212,45213
Zim	41964,41965,41966,41967	45708,45709,45710,45711
Zmar³ych	41774,41776,41778,41780	45510,45512,45514,45516
Zombie	41472,41473,41474,41475	45170,45172
Zwyciêskiego	41913,41915,41917,41919	45653,45655,45657,45659
