//type	cx	cy	sx	sy	z	dig	time	percent	count	vnum
//----------------------------------------------------------
g	149	79	7	7	0	0	60s	100	1	36101
g	237	82	7	7	0	0	60s	100	1	36102
g	161	103	7	7	0	0	60s	100	1	36103
g	306	78	7	7	0	0	60s	100	1	36103
g	342	122	7	7	0	0	60s	100	1	36101
g	428	83	7	7	0	0	60s	100	1	36102
g	430	102	7	7	0	0	60s	100	1	36103
g	436	147	7	7	0	0	60s	100	1	36103
g	354	193	7	7	0	0	60s	100	1	36101
g	317	263	7	7	0	0	60s	100	1	36102
g	347	289	7	7	0	0	60s	100	1	36103
g	334	347	7	7	0	0	60s	100	1	36103
g	305	204	7	7	0	0	60s	100	1	36101
g	280	264	7	7	0	0	60s	100	1	36102
g	203	254	7	7	0	0	60s	100	1	36103
g	263	240	7	7	0	0	60s	100	1	36103
g	187	240	7	7	0	0	60s	100	1	36101
g	161	255	7	7	0	0	60s	100	1	36102
g	104	236	7	7	0	0	60s	100	1	36103
g	100	264	7	7	0	0	60s	100	1	36103
g	93	288	7	7	0	0	60s	100	1	36101
g	96	366	7	7	0	0	60s	100	1	36102
g	113	433	7	7	0	0	60s	100	1	36103
g	82	468	7	7	0	0	60s	100	1	36103
g	89	517	7	7	0	0	60s	100	1	36101
g	73	567	7	7	0	0	60s	100	1	36102
g	73	633	7	7	0	0	60s	100	1	36103
g	136	311	7	7	0	0	60s	100	1	36103
g	131	360	7	7	0	0	60s	100	1	36101
g	170	426	7	7	0	0	60s	100	1	36102
g	268	402	7	7	0	0	60s	100	1	36103
g	280	355	7	7	0	0	60s	100	1	36103
g	271	306	7	7	0	0	60s	100	1	36101
g	225	294	7	7	0	0	60s	100	1	36102
g	347	367	7	7	0	0	60s	100	1	36103
g	326	397	7	7	0	0	60s	100	1	36103
g	366	407	7	7	0	0	60s	100	1	36101
g	378	443	7	7	0	0	60s	100	1	36102
g	297	434	7	7	0	0	60s	100	1	36103
g	239	466	7	7	0	0	60s	100	1	36103
g	142	461	7	7	0	0	60s	100	1	36101
g	120	493	7	7	0	0	60s	100	1	36102
g	119	601	7	7	0	0	60s	100	1	36103
g	165	677	7	7	0	0	60s	100	1	36103
g	241	642	7	7	0	0	60s	100	1	36101
g	295	567	7	7	0	0	60s	100	1	36102
g	278	489	7	7	0	0	60s	100	1	36103
g	285	470	7	7	0	0	60s	100	1	36103
g	330	465	7	7	0	0	60s	100	1	36101
g	302	496	7	7	0	0	60s	100	1	36102
g	353	504	7	7	0	0	60s	100	1	36103
g	344	507	7	7	0	0	60s	100	1	36103
g	284	510	7	7	0	0	60s	100	1	36101
g	315	558	7	7	0	0	60s	100	1	36102
g	365	535	7	7	0	0	60s	100	1	36103
g	361	483	7	7	0	0	60s	100	1	36103
g	392	490	7	7	0	0	60s	100	1	36101
g	471	468	7	7	0	0	60s	100	1	36102
g	344	594	7	7	0	0	60s	100	1	36103
g	312	604	7	7	0	0	60s	100	1	36103
g	341	583	7	7	0	0	60s	100	1	36101
g	295	615	7	7	0	0	60s	100	1	36102
g	306	652	7	7	0	0	60s	100	1	36103
g	261	671	7	7	0	0	60s	100	1	36103
g	388	510	7	7	0	0	60s	100	1	36101
g	112	689	7	7	0	0	60s	100	1	36102
g	82	764	7	7	0	0	60s	100	1	36103
g	91	842	7	7	0	0	60s	100	1	36103
g	78	905	7	7	0	0	60s	100	1	36101
g	119	929	7	7	0	0	60s	100	1	36102
g	122	956	7	7	0	0	60s	100	1	36103
g	147	950	7	7	0	0	60s	100	1	36103
g	194	904	7	7	0	0	60s	100	1	36101
g	122	894	7	7	0	0	60s	100	1	36102
g	129	854	7	7	0	0	60s	100	1	36103
g	122	803	7	7	0	0	60s	100	1	36103
g	138	722	7	7	0	0	60s	100	1	36101
g	191	746	7	7	0	0	60s	100	1	36102
g	241	817	7	7	0	0	60s	100	1	36103
g	227	730	7	7	0	0	60s	100	1	36103
g	291	800	7	7	0	0	60s	100	1	36101
g	339	806	7	7	0	0	60s	100	1	36102
g	226	911	7	7	0	0	60s	100	1	36103
g	252	920	7	7	0	0	60s	100	1	36103
g	215	925	7	7	0	0	60s	100	1	36101
g	244	917	7	7	0	0	60s	100	1	36102
g	224	930	7	7	0	0	60s	100	1	36103
g	394	751	7	7	0	0	60s	100	1	36103
g	419	703	7	7	0	0	60s	100	1	36101
g	443	659	7	7	0	0	60s	100	1	36102
g	476	671	7	7	0	0	60s	100	1	36103
g	444	672	7	7	0	0	60s	100	1	36103
g	439	705	7	7	0	0	60s	100	1	36101
g	446	746	7	7	0	0	60s	100	1	36102
g	431	788	7	7	0	0	60s	100	1	36103
g	517	797	7	7	0	0	60s	100	1	36103
g	550	820	7	7	0	0	60s	100	1	36101
g	587	865	7	7	0	0	60s	100	1	36102
g	549	920	7	7	0	0	60s	100	1	36103
g	446	932	7	7	0	0	60s	100	1	36103
g	381	868	7	7	0	0	60s	100	1	36101
g	415	804	7	7	0	0	60s	100	1	36102
g	324	870	7	7	0	0	60s	100	1	36103
g	355	888	7	7	0	0	60s	100	1	36103
g	361	914	7	7	0	0	60s	100	1	36101
g	380	962	7	7	0	0	60s	100	1	36102
g	498	967	7	7	0	0	60s	100	1	36103
g	590	937	7	7	0	0	60s	100	1	36103
g	624	957	7	7	0	0	60s	100	1	36101
g	693	955	7	7	0	0	60s	100	1	36102
g	783	946	7	7	0	0	60s	100	1	36103
g	832	943	7	7	0	0	60s	100	1	36103
g	612	899	7	7	0	0	60s	100	1	36101
g	633	827	7	7	0	0	60s	100	1	36102
g	630	881	7	7	0	0	60s	100	1	36103
g	592	819	7	7	0	0	60s	100	1	36103
g	667	914	7	7	0	0	60s	100	1	36101
g	729	916	7	7	0	0	60s	100	1	36102
g	751	917	7	7	0	0	60s	100	1	36103
g	795	859	7	7	0	0	60s	100	1	36103
g	826	898	7	7	0	0	60s	100	1	36101
g	791	840	7	7	0	0	60s	100	1	36102
g	810	791	7	7	0	0	60s	100	1	36103
g	769	769	7	7	0	0	60s	100	1	36103
g	758	757	7	7	0	0	60s	100	1	36101
g	710	732	7	7	0	0	60s	100	1	36102
g	686	751	7	7	0	0	60s	100	1	36103
g	698	705	7	7	0	0	60s	100	1	36103
g	748	688	7	7	0	0	60s	100	1	36101
g	775	719	7	7	0	0	60s	100	1	36102
g	803	695	7	7	0	0	60s	100	1	36103
g	769	677	7	7	0	0	60s	100	1	36103
g	710	658	7	7	0	0	60s	100	1	36101
g	910	927	7	7	0	0	60s	100	1	36102
g	926	918	7	7	0	0	60s	100	1	36103
g	919	863	7	7	0	0	60s	100	1	36103
g	956	837	7	7	0	0	60s	100	1	36101
g	901	776	7	7	0	0	60s	100	1	36102
g	936	769	7	7	0	0	60s	100	1	36103
g	906	712	7	7	0	0	60s	100	1	36103
g	896	621	7	7	0	0	60s	100	1	36101
g	964	620	7	7	0	0	60s	100	1	36102
g	945	655	7	7	0	0	60s	100	1	36103
g	933	737	7	7	0	0	60s	100	1	36103
g	889	559	7	7	0	0	60s	100	1	36101
g	826	525	7	7	0	0	60s	100	1	36102
g	868	546	7	7	0	0	60s	100	1	36103
g	773	527	7	7	0	0	60s	100	1	36103
g	700	548	7	7	0	0	60s	100	1	36101
g	711	588	7	7	0	0	60s	100	1	36102
g	730	627	7	7	0	0	60s	100	1	36103
g	651	607	7	7	0	0	60s	100	1	36103
g	666	549	7	7	0	0	60s	100	1	36101
g	605	500	7	7	0	0	60s	100	1	36102
g	542	500	7	7	0	0	60s	100	1	36103
g	567	508	7	7	0	0	60s	100	1	36103
g	579	544	7	7	0	0	60s	100	1	36101
g	596	569	7	7	0	0	60s	100	1	36102
g	651	562	7	7	0	0	60s	100	1	36103
g	652	587	7	7	0	0	60s	100	1	36103
g	515	457	7	7	0	0	60s	100	1	36101
g	593	438	7	7	0	0	60s	100	1	36102
g	595	406	7	7	0	0	60s	100	1	36103
g	640	344	7	7	0	0	60s	100	1	36103
g	628	289	7	7	0	0	60s	100	1	36101
g	572	258	7	7	0	0	60s	100	1	36102
g	498	277	7	7	0	0	60s	100	1	36103
g	496	228	7	7	0	0	60s	100	1	36103
g	582	218	7	7	0	0	60s	100	1	36101
g	593	168	7	7	0	0	60s	100	1	36102
g	621	109	7	7	0	0	60s	100	1	36103
g	688	92	7	7	0	0	60s	100	1	36103
g	639	126	7	7	0	0	60s	100	1	36101
g	718	80	7	7	0	0	60s	100	1	36102
g	709	110	7	7	0	0	60s	100	1	36103
g	736	103	7	7	0	0	60s	100	1	36103
g	803	94	7	7	0	0	60s	100	1	36101
g	860	103	7	7	0	0	60s	100	1	36102
g	920	75	7	7	0	0	60s	100	1	36103
g	928	91	7	7	0	0	60s	100	1	36103
g	909	106	7	7	0	0	60s	100	1	36101
g	904	120	7	7	0	0	60s	100	1	36102
g	896	108	7	7	0	0	60s	100	1	36103
g	947	165	7	7	0	0	60s	100	1	36103
g	951	258	7	7	0	0	60s	100	1	36101
g	908	195	7	7	0	0	60s	100	1	36102
g	857	134	7	7	0	0	60s	100	1	36103
g	745	140	7	7	0	0	60s	100	1	36103
g	652	184	7	7	0	0	60s	100	1	36101
g	673	277	7	7	0	0	60s	100	1	36102
g	734	288	7	7	0	0	60s	100	1	36103
g	829	302	7	7	0	0	60s	100	1	36103
g	916	300	7	7	0	0	60s	100	1	36101
g	706	336	7	7	0	0	60s	100	1	36102
g	675	390	7	7	0	0	60s	100	1	36103
g	647	446	7	7	0	0	60s	100	1	36103
g	648	497	7	7	0	0	60s	100	1	36101
g	717	489	7	7	0	0	60s	100	1	36102
g	735	473	7	7	0	0	60s	100	1	36103
g	790	484	7	7	0	0	60s	100	1	36103
g	819	461	7	7	0	0	60s	100	1	36101
g	854	376	7	7	0	0	60s	100	1	36102
g	791	325	7	7	0	0	60s	100	1	36103
g	855	356	7	7	0	0	60s	100	1	36103
g	874	394	7	7	0	0	60s	100	1	36101
g	929	342	7	7	0	0	60s	100	1	36102
g	925	362	7	7	0	0	60s	100	1	36103
g	946	382	7	7	0	0	60s	100	1	36103
g	899	402	7	7	0	0	60s	100	1	36101
g	898	427	7	7	0	0	60s	100	1	36102
g	933	453	7	7	0	0	60s	100	1	36103
g	846	489	7	7	0	0	60s	100	1	36103
g	882	510	7	7	0	0	60s	100	1	36101
g	907	512	7	7	0	0	60s	100	1	36102
g	961	524	7	7	0	0	60s	100	1	36103
g	950	599	7	7	0	0	60s	100	1	36103
g	740	729	7	7	0	0	60s	100	1	36101
g	758	676	7	7	0	0	60s	100	1	36102
g	796	734	7	7	0	0	60s	100	1	36103
g	899	471	7	7	0	0	60s	100	1	36103
