//type	cx	cy	sx	sy	z	dig	time	percent	count	vnum
//----------------------------------------------------------
m	99	340	30	30	0	0	27m-33m	100	1	9677
m	330	332	30	30	0	0	27m-33m	100	1	9677
m	352	528	30	30	0	0	27m-33m	100	1	9677
m	503	239	30	30	0	0	27m-33m	100	1	9677
m	580	453	30	30	0	0	27m-33m	100	1	9677
m	921	420	30	30	0	0	27m-33m	100	1	9677
m	944	134	30	30	0	0	27m-33m	100	1	9677
m	115	563	30	30	0	0	27m-33m	100	1	9678
m	128	894	30	30	0	0	27m-33m	100	1	9678
m	436	760	30	30	0	0	27m-33m	100	1	9678
m	633	549	30	30	0	0	27m-33m	100	1	9678
m	796	324	30	30	0	0	27m-33m	100	1	9678
m	903	886	30	30	0	0	27m-33m	100	1	9678
m	933	553	30	30	0	0	27m-33m	100	1	9678
