// MT2009_PLUS_DUNGEONS_V1 (razador): every 4th line of the package's fd_a.txt (level-55 party size)
r	219	489	10	10	0	0	60s	100	1	6003
r	218	502	10	10	0	0	60s	100	1	6003
r	251	504	10	10	0	0	60s	100	1	6003
r	231	511	10	10	0	0	60s	100	1	6003
r	239	516	10	10	0	0	60s	100	1	6003
r	231	450	10	10	0	0	60s	100	1	6001
r	243	457	10	10	0	0	60s	100	1	6001
r	258	465	10	10	0	0	60s	100	1	6001
r	233	466	10	10	0	0	60s	100	1	6001
r	248	473	10	10	0	0	60s	100	1	6001
r	270	478	10	10	0	0	60s	100	1	6001
r	239	471	10	10	0	0	60s	100	1	6002
r	237	479	10	10	0	0	60s	100	1	6002
r	228	483	10	10	0	0	60s	100	1	6002
r	261	484	10	10	0	0	60s	100	1	6002
r	261	492	10	10	0	0	60s	100	1	6002
