// MT2009_PLUS_DUNGEONS_V1 (razador): every 4th line of the package's fd_fild_boss.txt (level-55 party size)
r	696	607	10	10	0	0	60s	100	1	6003
r	686	618	10	10	0	0	60s	100	1	6003
r	694	627	10	10	0	0	60s	100	1	6003
r	708	629	10	10	0	0	60s	100	1	6003
r	705	634	10	10	0	0	60s	100	1	6003
r	662	637	10	10	0	0	60s	100	1	6003
r	659	642	10	10	0	0	60s	100	1	6003
r	698	645	10	10	0	0	60s	100	1	6003
r	697	649	10	10	0	0	60s	100	1	6003
r	699	654	10	10	0	0	60s	100	1	6003
r	687	662	10	10	0	0	60s	100	1	6003
r	679	682	10	10	0	0	60s	100	1	6003
