// MT2009_PLUS_DUNGEONS_V1 (razador): every 4th line of the package's fd_b.txt (level-55 party size)
r	168	331	10	10	0	0	60s	100	1	6003
r	148	339	10	10	0	0	60s	100	1	6003
r	159	353	10	10	0	0	60s	100	1	6003
r	154	356	10	10	0	0	60s	100	1	6003
r	139	358	10	10	0	0	60s	100	1	6003
r	167	381	10	10	0	0	60s	100	1	6003
r	217	334	10	10	0	0	60s	100	1	6001
r	205	351	10	10	0	0	60s	100	1	6001
r	218	356	10	10	0	0	60s	100	1	6001
r	217	364	10	10	0	0	60s	100	1	6001
r	188	320	10	10	0	0	60s	100	1	6002
r	176	328	10	10	0	0	60s	100	1	6002
r	193	334	10	10	0	0	60s	100	1	6002
r	172	358	10	10	0	0	60s	100	1	6002
r	181	371	10	10	0	0	60s	100	1	6002
r	192	375	10	10	0	0	60s	100	1	6002
