// MT2009_PLUS_DUNGEONS_V1 (razador): every 4th line of the package's fd_c.txt (level-55 party size)
r	292	173	10	10	0	0	60s	100	1	6003
r	278	178	10	10	0	0	60s	100	1	6003
r	251	188	10	10	0	0	60s	100	1	6003
r	277	194	10	10	0	0	60s	100	1	6003
r	255	202	10	10	0	0	60s	100	1	6003
r	319	202	10	10	0	0	60s	100	1	6001
r	318	214	10	10	0	0	60s	100	1	6001
r	318	219	10	10	0	0	60s	100	1	6001
r	313	230	10	10	0	0	60s	100	1	6001
r	304	239	10	10	0	0	60s	100	1	6001
r	287	246	10	10	0	0	60s	100	1	6001
r	303	250	10	10	0	0	60s	100	1	6001
r	295	253	10	10	0	0	60s	100	1	6001
r	304	183	10	10	0	0	60s	100	1	6002
r	314	196	10	10	0	0	60s	100	1	6002
r	293	211	10	10	0	0	60s	100	1	6002
r	292	216	10	10	0	0	60s	100	1	6002
r	290	224	10	10	0	0	60s	100	1	6002
r	262	236	10	10	0	0	60s	100	1	6002
