// MT2009_PLUS_DUNGEONS_V1 (razador): every 4th line of the package's fd_d.txt (level-55 party size)
r	468	137	10	10	0	0	60s	100	1	6003
r	463	141	10	10	0	0	60s	100	1	6003
r	492	145	10	10	0	0	60s	100	1	6003
r	507	159	10	10	0	0	60s	100	1	6003
r	506	170	10	10	0	0	60s	100	1	6003
r	506	184	10	10	0	0	60s	100	1	6003
r	447	176	10	10	0	0	60s	100	1	6001
r	459	185	10	10	0	0	60s	100	1	6001
r	456	190	10	10	0	0	60s	100	1	6001
r	465	198	10	10	0	0	60s	100	1	6001
r	469	214	10	10	0	0	60s	100	1	6001
r	458	155	10	10	0	0	60s	100	1	6002
r	468	167	10	10	0	0	60s	100	1	6002
r	488	180	10	10	0	0	60s	100	1	6002
r	478	197	10	10	0	0	60s	100	1	6002
