// MT2009_PLUS_DUNGEONS_V1 (razador): every 4th line of the package's fd_e.txt (level-55 party size)
r	525	320	10	10	0	0	60s	100	1	6003
r	535	341	10	10	0	0	60s	100	1	6003
r	536	344	10	10	0	0	60s	100	1	6003
r	544	353	10	10	0	0	60s	100	1	6003
r	535	361	10	10	0	0	60s	100	1	6003
r	526	368	10	10	0	0	60s	100	1	6003
r	486	323	10	10	0	0	60s	100	1	6001
r	493	347	10	10	0	0	60s	100	1	6001
r	482	361	10	10	0	0	60s	100	1	6001
r	516	318	10	10	0	0	60s	100	1	6002
r	509	328	10	10	0	0	60s	100	1	6002
r	497	342	10	10	0	0	60s	100	1	6002
r	511	363	10	10	0	0	60s	100	1	6002
r	501	370	10	10	0	0	60s	100	1	6002
r	513	374	10	10	0	0	60s	100	1	6002
