// MT2009_PLUS_DUNGEONS_V1 (razador): every 4th line of the package's fd_f.txt (level-55 party size)
r	540	464	10	10	0	0	60s	100	1	6003
r	537	470	10	10	0	0	60s	100	1	6003
r	538	487	10	10	0	0	60s	100	1	6003
r	520	507	10	10	0	0	60s	100	1	6003
r	509	518	10	10	0	0	60s	100	1	6003
r	480	463	10	10	0	0	60s	100	1	6001
r	489	468	10	10	0	0	60s	100	1	6001
r	492	474	10	10	0	0	60s	100	1	6001
r	481	485	10	10	0	0	60s	100	1	6001
r	480	499	10	10	0	0	60s	100	1	6001
r	475	505	10	10	0	0	60s	100	1	6001
r	509	460	10	10	0	0	60s	100	1	6002
r	520	473	10	10	0	0	60s	100	1	6002
r	495	483	10	10	0	0	60s	100	1	6002
r	509	500	10	10	0	0	60s	100	1	6002
r	478	516	10	10	0	0	60s	100	1	6002
