//type	cx	cy	sx	sy	z	dig	time	percent	count	vnum
//----------------------------------------------------------
g	267	229	6	6	0	0	60s	100	1	36001
g	253	252	6	6	0	0	60s	100	1	36002
g	257	276	6	6	0	0	60s	100	1	36003
g	282	276	6	6	0	0	60s	100	1	36003
g	305	257	6	6	0	0	60s	100	1	36001
g	283	232	6	6	0	0	60s	100	1	36002
g	288	250	6	6	0	0	60s	100	1	36003
g	286	260	6	6	0	0	60s	100	1	36003
g	300	226	6	6	0	0	60s	100	1	36001
g	365	193	6	6	0	0	60s	100	1	36002
g	402	174	6	6	0	0	60s	100	1	36003
g	419	137	6	6	0	0	60s	100	1	36003
g	402	102	6	6	0	0	60s	100	1	36001
g	368	140	6	6	0	0	60s	100	1	36002
g	387	119	6	6	0	0	60s	100	1	36003
g	412	80	6	6	0	0	60s	100	1	36003
g	448	94	6	6	0	0	60s	100	1	36001
g	320	85	6	6	0	0	60s	100	1	36002
g	247	88	6	6	0	0	60s	100	1	36003
g	214	85	6	6	0	0	60s	100	1	36003
g	169	75	6	6	0	0	60s	100	1	36001
g	136	107	6	6	0	0	60s	100	1	36002
g	94	102	6	6	0	0	60s	100	1	36003
g	103	119	6	6	0	0	60s	100	1	36003
g	94	163	6	6	0	0	60s	100	1	36001
g	76	216	6	6	0	0	60s	100	1	36002
g	81	247	6	6	0	0	60s	100	1	36003
g	95	284	6	6	0	0	60s	100	1	36003
g	108	323	6	6	0	0	60s	100	1	36001
g	117	347	6	6	0	0	60s	100	1	36002
g	134	397	6	6	0	0	60s	100	1	36003
g	159	417	6	6	0	0	60s	100	1	36003
g	184	435	6	6	0	0	60s	100	1	36001
g	247	412	6	6	0	0	60s	100	1	36002
g	314	360	6	6	0	0	60s	100	1	36003
g	315	297	6	6	0	0	60s	100	1	36003
g	298	347	6	6	0	0	60s	100	1	36001
g	337	350	6	6	0	0	60s	100	1	36002
g	315	385	6	6	0	0	60s	100	1	36003
g	370	392	6	6	0	0	60s	100	1	36003
g	370	424	6	6	0	0	60s	100	1	36001
g	344	438	6	6	0	0	60s	100	1	36002
g	308	457	6	6	0	0	60s	100	1	36003
g	336	475	6	6	0	0	60s	100	1	36003
g	286	461	6	6	0	0	60s	100	1	36001
g	265	465	6	6	0	0	60s	100	1	36002
g	150	437	6	6	0	0	60s	100	1	36003
g	147	460	6	6	0	0	60s	100	1	36003
g	160	496	6	6	0	0	60s	100	1	36001
g	183	467	6	6	0	0	60s	100	1	36002
g	144	504	6	6	0	0	60s	100	1	36003
g	135	522	6	6	0	0	60s	100	1	36003
g	111	533	6	6	0	0	60s	100	1	36001
g	120	559	6	6	0	0	60s	100	1	36002
g	144	542	6	6	0	0	60s	100	1	36003
g	97	538	6	6	0	0	60s	100	1	36003
g	127	571	6	6	0	0	60s	100	1	36001
g	395	144	6	6	0	0	60s	100	1	36002
g	282	373	6	6	0	0	60s	100	1	36003
g	203	436	6	6	0	0	60s	100	1	36003
g	305	500	6	6	0	0	60s	100	1	36001
g	291	535	6	6	0	0	60s	100	1	36002
g	334	567	6	6	0	0	60s	100	1	36003
g	350	595	6	6	0	0	60s	100	1	36003
g	317	577	6	6	0	0	60s	100	1	36001
g	274	602	6	6	0	0	60s	100	1	36002
g	248	632	6	6	0	0	60s	100	1	36003
g	210	648	6	6	0	0	60s	100	1	36003
g	182	682	6	6	0	0	60s	100	1	36001
g	141	706	6	6	0	0	60s	100	1	36002
g	196	720	6	6	0	0	60s	100	1	36003
g	120	725	6	6	0	0	60s	100	1	36003
g	238	752	6	6	0	0	60s	100	1	36001
g	257	775	6	6	0	0	60s	100	1	36002
g	265	806	6	6	0	0	60s	100	1	36003
g	281	831	6	6	0	0	60s	100	1	36003
g	354	850	6	6	0	0	60s	100	1	36001
g	346	885	6	6	0	0	60s	100	1	36002
g	335	859	6	6	0	0	60s	100	1	36003
g	345	867	6	6	0	0	60s	100	1	36003
g	385	884	6	6	0	0	60s	100	1	36001
g	388	920	6	6	0	0	60s	100	1	36002
g	356	912	6	6	0	0	60s	100	1	36003
g	326	892	6	6	0	0	60s	100	1	36003
g	302	907	6	6	0	0	60s	100	1	36001
g	287	882	6	6	0	0	60s	100	1	36002
g	292	951	6	6	0	0	60s	100	1	36003
g	350	961	6	6	0	0	60s	100	1	36003
g	259	908	6	6	0	0	60s	100	1	36001
g	237	923	6	6	0	0	60s	100	1	36002
g	127	927	6	6	0	0	60s	100	1	36003
g	111	895	6	6	0	0	60s	100	1	36003
g	95	839	6	6	0	0	60s	100	1	36001
g	100	782	6	6	0	0	60s	100	1	36002
g	390	601	6	6	0	0	60s	100	1	36003
g	420	611	6	6	0	0	60s	100	1	36003
g	397	660	6	6	0	0	60s	100	1	36001
g	457	620	6	6	0	0	60s	100	1	36002
g	470	671	6	6	0	0	60s	100	1	36003
g	452	702	6	6	0	0	60s	100	1	36003
g	452	737	6	6	0	0	60s	100	1	36001
g	490	775	6	6	0	0	60s	100	1	36002
g	518	792	6	6	0	0	60s	100	1	36003
g	547	782	6	6	0	0	60s	100	1	36003
g	590	798	6	6	0	0	60s	100	1	36001
g	582	816	6	6	0	0	60s	100	1	36002
g	594	847	6	6	0	0	60s	100	1	36003
g	513	854	6	6	0	0	60s	100	1	36003
g	538	920	6	6	0	0	60s	100	1	36001
g	593	925	6	6	0	0	60s	100	1	36002
g	629	875	6	6	0	0	60s	100	1	36003
g	621	844	6	6	0	0	60s	100	1	36003
g	617	777	6	6	0	0	60s	100	1	36001
g	665	894	6	6	0	0	60s	100	1	36002
g	690	923	6	6	0	0	60s	100	1	36003
g	762	913	6	6	0	0	60s	100	1	36003
g	768	936	6	6	0	0	60s	100	1	36001
g	882	932	6	6	0	0	60s	100	1	36002
g	860	890	6	6	0	0	60s	100	1	36003
g	869	815	6	6	0	0	60s	100	1	36003
g	850	790	6	6	0	0	60s	100	1	36001
g	895	775	6	6	0	0	60s	100	1	36002
g	905	736	6	6	0	0	60s	100	1	36003
g	917	703	6	6	0	0	60s	100	1	36003
g	909	654	6	6	0	0	60s	100	1	36001
g	908	619	6	6	0	0	60s	100	1	36002
g	887	590	6	6	0	0	60s	100	1	36003
g	876	565	6	6	0	0	60s	100	1	36003
g	895	561	6	6	0	0	60s	100	1	36001
g	930	518	6	6	0	0	60s	100	1	36002
g	945	567	6	6	0	0	60s	100	1	36003
g	855	578	6	6	0	0	60s	100	1	36003
g	867	522	6	6	0	0	60s	100	1	36001
g	900	530	6	6	0	0	60s	100	1	36002
g	831	542	6	6	0	0	60s	100	1	36003
g	810	530	6	6	0	0	60s	100	1	36003
g	777	477	6	6	0	0	60s	100	1	36001
g	708	490	6	6	0	0	60s	100	1	36002
g	789	510	6	6	0	0	60s	100	1	36003
g	757	525	6	6	0	0	60s	100	1	36003
g	700	551	6	6	0	0	60s	100	1	36001
g	732	592	6	6	0	0	60s	100	1	36002
g	733	636	6	6	0	0	60s	100	1	36003
g	781	710	6	6	0	0	60s	100	1	36003
g	727	750	6	6	0	0	60s	100	1	36001
g	690	706	6	6	0	0	60s	100	1	36002
g	648	743	6	6	0	0	60s	100	1	36003
g	650	780	6	6	0	0	60s	100	1	36003
g	603	617	6	6	0	0	60s	100	1	36001
g	583	574	6	6	0	0	60s	100	1	36002
g	545	599	6	6	0	0	60s	100	1	36003
g	522	625	6	6	0	0	60s	100	1	36003
g	411	443	6	6	0	0	60s	100	1	36001
g	445	387	6	6	0	0	60s	100	1	36002
g	483	422	6	6	0	0	60s	100	1	36003
g	540	442	6	6	0	0	60s	100	1	36003
g	569	432	6	6	0	0	60s	100	1	36001
g	609	386	6	6	0	0	60s	100	1	36002
g	630	356	6	6	0	0	60s	100	1	36003
g	645	316	6	6	0	0	60s	100	1	36003
g	726	331	6	6	0	0	60s	100	1	36001
g	715	289	6	6	0	0	60s	100	1	36002
g	760	273	6	6	0	0	60s	100	1	36003
g	820	276	6	6	0	0	60s	100	1	36003
g	827	301	6	6	0	0	60s	100	1	36001
g	845	318	6	6	0	0	60s	100	1	36002
g	900	365	6	6	0	0	60s	100	1	36003
g	890	356	6	6	0	0	60s	100	1	36003
g	908	380	6	6	0	0	60s	100	1	36001
g	922	380	6	6	0	0	60s	100	1	36002
g	907	320	6	6	0	0	60s	100	1	36003
g	938	272	6	6	0	0	60s	100	1	36003
g	940	230	6	6	0	0	60s	100	1	36001
g	942	165	6	6	0	0	60s	100	1	36002
g	932	85	6	6	0	0	60s	100	1	36003
g	920	97	6	6	0	0	60s	100	1	36003
g	929	127	6	6	0	0	60s	100	1	36001
g	901	112	6	6	0	0	60s	100	1	36002
g	862	79	6	6	0	0	60s	100	1	36003
g	792	87	6	6	0	0	60s	100	1	36003
g	772	137	6	6	0	0	60s	100	1	36001
g	793	184	6	6	0	0	60s	100	1	36002
g	802	225	6	6	0	0	60s	100	1	36003
g	738	137	6	6	0	0	60s	100	1	36003
g	739	91	6	6	0	0	60s	100	1	36001
g	705	94	6	6	0	0	60s	100	1	36002
g	699	145	6	6	0	0	60s	100	1	36003
g	650	107	6	6	0	0	60s	100	1	36003
g	557	92	6	6	0	0	60s	100	1	36001
g	588	87	6	6	0	0	60s	100	1	36002
g	575	127	6	6	0	0	60s	100	1	36003
g	621	106	6	6	0	0	60s	100	1	36003
g	632	166	6	6	0	0	60s	100	1	36001
g	572	176	6	6	0	0	60s	100	1	36002
g	568	203	6	6	0	0	60s	100	1	36003
g	517	259	6	6	0	0	60s	100	1	36003
g	477	315	6	6	0	0	60s	100	1	36001
g	461	343	6	6	0	0	60s	100	1	36002
g	160	693	6	6	0	0	60s	100	1	36003
g	108	816	6	6	0	0	60s	100	1	36003
g	144	900	6	6	0	0	60s	100	1	36001
g	229	907	6	6	0	0	60s	100	1	36002
g	220	739	6	6	0	0	60s	100	1	36003
g	235	644	6	6	0	0	60s	100	1	36003
g	297	590	6	6	0	0	60s	100	1	36001
g	346	556	6	6	0	0	60s	100	1	36002
g	426	629	6	6	0	0	60s	100	1	36003
g	433	716	6	6	0	0	60s	100	1	36003
g	569	808	6	6	0	0	60s	100	1	36001
g	547	881	6	6	0	0	60s	100	1	36002
g	634	895	6	6	0	0	60s	100	1	36003
g	661	917	6	6	0	0	60s	100	1	36003
g	822	938	6	6	0	0	60s	100	1	36001
g	914	941	6	6	0	0	60s	100	1	36002
g	917	923	6	6	0	0	60s	100	1	36003
g	843	813	6	6	0	0	60s	100	1	36003
g	712	721	6	6	0	0	60s	100	1	36001
g	746	665	6	6	0	0	60s	100	1	36002
g	697	647	6	6	0	0	60s	100	1	36003
g	658	581	6	6	0	0	60s	100	1	36003
g	664	562	6	6	0	0	60s	100	1	36001
g	777	537	6	6	0	0	60s	100	1	36002
g	737	479	6	6	0	0	60s	100	1	36003
g	797	495	6	6	0	0	60s	100	1	36003
g	648	369	6	6	0	0	60s	100	1	36001
g	706	331	6	6	0	0	60s	100	1	36002
g	804	318	6	6	0	0	60s	100	1	36003
g	948	194	6	6	0	0	60s	100	1	36003
g	857	103	6	6	0	0	60s	100	1	36001
g	627	141	6	6	0	0	60s	100	1	36002
g	537	211	6	6	0	0	60s	100	1	36003
g	462	403	6	6	0	0	60s	100	1	36003
g	504	440	6	6	0	0	60s	100	1	36001
g	387	424	6	6	0	0	60s	100	1	36002
g	720	537	6	6	0	0	60s	100	1	36003
g	752	545	6	6	0	0	60s	100	1	36003
g	611	576	6	6	0	0	60s	100	1	36001
g	574	595	6	6	0	0	60s	100	1	36002
g	910	344	6	6	0	0	60s	100	1	36003
