//type	cx	cy	sx	sy	z	dig	time	percent	count	vnum
//----------------------------------------------------------
m	120	870	30	30	0	0	27m-33m	100	1	8009
m	153	90	30	30	0	0	27m-33m	100	1	8009
m	231	453	30	30	0	0	27m-33m	100	1	8009
m	347	839	30	30	0	0	27m-33m	100	1	8009
m	559	109	30	30	0	0	27m-33m	100	1	8009
m	566	863	30	30	0	0	27m-33m	100	1	8009
m	605	576	30	30	0	0	27m-33m	100	1	8009
m	688	296	30	30	0	0	27m-33m	100	1	8009
m	850	79	30	30	0	0	27m-33m	100	1	8009
m	909	931	30	30	0	0	27m-33m	100	1	8009
m	932	573	30	30	0	0	27m-33m	100	1	8009
m	936	275	30	30	0	0	27m-33m	100	1	8009
