g	242	276	3	3	0	0	15s	100	1	36401
g	247	253	3	3	0	0	15s	100	1	36402
g	249	275	3	3	0	0	15s	100	1	36401
g	254	252	3	3	0	0	15s	100	1	36401
g	254	281	3	3	0	0	15s	100	1	36402
g	260	288	3	3	0	0	15s	100	1	36401
g	264	271	3	3	0	0	15s	100	1	36401
g	265	261	3	3	0	0	15s	100	1	36402
g	268	250	3	3	0	0	15s	100	1	36401
g	272	287	3	3	0	0	15s	100	1	36401
g	275	295	3	3	0	0	15s	100	1	36402
g	276	280	3	3	0	0	15s	100	1	36401
g	281	291	3	3	0	0	15s	100	1	36401
g	285	259	3	3	0	0	15s	100	1	36402
g	288	267	3	3	0	0	15s	100	1	36401
