//type	cx	cy	sx	sy	z	dig	time	percent	count	vnum
//----------------------------------------------------------
g	450	162	5	5	0	0	60s	100	1	36201
g	445	177	5	5	0	0	60s	100	1	36202
g	390	185	5	5	0	0	60s	100	1	36203
g	429	188	5	5	0	0	60s	100	1	36201
g	414	219	5	5	0	0	60s	100	1	36202
g	379	244	5	5	0	0	60s	100	1	36203
g	344	239	5	5	0	0	60s	100	1	36201
g	344	273	5	5	0	0	60s	100	1	36202
g	375	283	5	5	0	0	60s	100	1	36203
g	360	221	5	5	0	0	60s	100	1	36201
g	420	154	5	5	0	0	60s	100	1	36202
g	407	297	5	5	0	0	60s	100	1	36203
g	380	320	5	5	0	0	60s	100	1	36201
g	366	354	5	5	0	0	60s	100	1	36202
g	361	309	5	5	0	0	60s	100	1	36203
g	350	343	5	5	0	0	60s	100	1	36201
g	333	353	5	5	0	0	60s	100	1	36202
g	322	346	5	5	0	0	60s	100	1	36203
g	311	330	5	5	0	0	60s	100	1	36201
g	295	392	5	5	0	0	60s	100	1	36202
g	332	394	5	5	0	0	60s	100	1	36203
g	352	387	5	5	0	0	60s	100	1	36201
g	384	398	5	5	0	0	60s	100	1	36202
g	284	286	5	5	0	0	60s	100	1	36203
g	317	283	5	5	0	0	60s	100	1	36201
g	289	304	5	5	0	0	60s	100	1	36202
g	270	268	5	5	0	0	60s	100	1	36203
g	238	274	5	5	0	0	60s	100	1	36201
g	263	294	5	5	0	0	60s	100	1	36202
g	268	333	5	5	0	0	60s	100	1	36203
g	461	297	5	5	0	0	60s	100	1	36201
g	123	150	5	5	0	0	60s	100	1	36202
g	145	146	5	5	0	0	60s	100	1	36203
g	138	120	5	5	0	0	60s	100	1	36201
g	166	110	5	5	0	0	60s	100	1	36202
g	206	109	5	5	0	0	60s	100	1	36203
g	222	117	5	5	0	0	60s	100	1	36201
g	232	139	5	5	0	0	60s	100	1	36202
g	185	134	5	5	0	0	60s	100	1	36203
g	175	120	5	5	0	0	60s	100	1	36201
g	186	146	5	5	0	0	60s	100	1	36202
g	222	154	5	5	0	0	60s	100	1	36203
g	239	153	5	5	0	0	60s	100	1	36201
g	211	122	5	5	0	0	60s	100	1	36202
g	173	140	5	5	0	0	60s	100	1	36203
g	225	277	5	5	0	0	60s	100	1	36201
g	253	227	5	5	0	0	60s	100	1	36202
g	195	294	5	5	0	0	60s	100	1	36203
g	219	313	5	5	0	0	60s	100	1	36201
g	191	334	5	5	0	0	60s	100	1	36202
g	126	319	5	5	0	0	60s	100	1	36203
g	139	292	5	5	0	0	60s	100	1	36201
g	129	340	5	5	0	0	60s	100	1	36202
g	169	352	5	5	0	0	60s	100	1	36203
g	167	384	5	5	0	0	60s	100	1	36201
g	172	396	5	5	0	0	60s	100	1	36202
g	166	310	5	5	0	0	60s	100	1	36203
g	450	345	5	5	0	0	60s	100	1	36201
g	485	356	5	5	0	0	60s	100	1	36202
g	150	351	5	5	0	0	60s	100	1	36203
g	180	322	5	5	0	0	60s	100	1	36201
g	212	344	5	5	0	0	60s	100	1	36202
g	484	250	5	5	0	0	60s	100	1	36203
g	517	242	5	5	0	0	60s	100	1	36201
g	552	224	5	5	0	0	60s	100	1	36202
g	609	217	5	5	0	0	60s	100	1	36203
g	618	226	5	5	0	0	60s	100	1	36201
g	606	248	5	5	0	0	60s	100	1	36202
g	622	251	5	5	0	0	60s	100	1	36203
g	539	261	5	5	0	0	60s	100	1	36201
g	525	320	5	5	0	0	60s	100	1	36202
g	529	340	5	5	0	0	60s	100	1	36203
g	681	256	5	5	0	0	60s	100	1	36201
g	714	205	5	5	0	0	60s	100	1	36202
g	664	144	5	5	0	0	60s	100	1	36203
g	702	140	5	5	0	0	60s	100	1	36201
g	727	192	5	5	0	0	60s	100	1	36202
g	659	155	5	5	0	0	60s	100	1	36203
g	644	170	5	5	0	0	60s	100	1	36201
g	679	216	5	5	0	0	60s	100	1	36202
g	669	259	5	5	0	0	60s	100	1	36203
g	919	93	5	5	0	0	60s	100	1	36201
g	916	117	5	5	0	0	60s	100	1	36202
g	907	133	5	5	0	0	60s	100	1	36203
g	894	152	5	5	0	0	60s	100	1	36201
g	917	180	5	5	0	0	60s	100	1	36202
g	848	153	5	5	0	0	60s	100	1	36203
g	846	167	5	5	0	0	60s	100	1	36201
g	898	182	5	5	0	0	60s	100	1	36202
g	893	215	5	5	0	0	60s	100	1	36203
g	920	238	5	5	0	0	60s	100	1	36201
g	890	238	5	5	0	0	60s	100	1	36202
g	876	277	5	5	0	0	60s	100	1	36203
g	829	284	5	5	0	0	60s	100	1	36201
g	841	252	5	5	0	0	60s	100	1	36202
g	853	270	5	5	0	0	60s	100	1	36203
g	828	243	5	5	0	0	60s	100	1	36201
g	832	215	5	5	0	0	60s	100	1	36202
g	805	204	5	5	0	0	60s	100	1	36203
g	861	227	5	5	0	0	60s	100	1	36201
g	821	179	5	5	0	0	60s	100	1	36202
g	772	239	5	5	0	0	60s	100	1	36203
g	814	248	5	5	0	0	60s	100	1	36201
g	829	258	5	5	0	0	60s	100	1	36202
g	825	228	5	5	0	0	60s	100	1	36203
g	807	192	5	5	0	0	60s	100	1	36201
g	840	240	5	5	0	0	60s	100	1	36202
g	868	193	5	5	0	0	60s	100	1	36203
g	867	209	5	5	0	0	60s	100	1	36201
g	883	186	5	5	0	0	60s	100	1	36202
g	879	235	5	5	0	0	60s	100	1	36203
g	785	287	5	5	0	0	60s	100	1	36201
g	782	318	5	5	0	0	60s	100	1	36202
g	795	360	5	5	0	0	60s	100	1	36203
g	764	362	5	5	0	0	60s	100	1	36201
g	692	333	5	5	0	0	60s	100	1	36202
g	659	352	5	5	0	0	60s	100	1	36203
g	706	345	5	5	0	0	60s	100	1	36201
g	729	341	5	5	0	0	60s	100	1	36202
g	775	377	5	5	0	0	60s	100	1	36203
g	800	321	5	5	0	0	60s	100	1	36201
g	727	318	5	5	0	0	60s	100	1	36202
g	757	384	5	5	0	0	60s	100	1	36203
g	735	390	5	5	0	0	60s	100	1	36201
g	693	409	5	5	0	0	60s	100	1	36202
g	614	401	5	5	0	0	60s	100	1	36203
g	645	400	5	5	0	0	60s	100	1	36201
g	629	370	5	5	0	0	60s	100	1	36202
g	619	315	5	5	0	0	60s	100	1	36203
g	589	308	5	5	0	0	60s	100	1	36201
g	631	350	5	5	0	0	60s	100	1	36202
g	590	347	5	5	0	0	60s	100	1	36203
g	254	408	5	5	0	0	60s	100	1	36201
g	131	439	5	5	0	0	60s	100	1	36202
g	101	470	5	5	0	0	60s	100	1	36203
g	92	513	5	5	0	0	60s	100	1	36201
g	81	551	5	5	0	0	60s	100	1	36202
g	105	553	5	5	0	0	60s	100	1	36203
g	166	541	5	5	0	0	60s	100	1	36201
g	214	541	5	5	0	0	60s	100	1	36202
g	257	547	5	5	0	0	60s	100	1	36203
g	155	566	5	5	0	0	60s	100	1	36201
g	83	595	5	5	0	0	60s	100	1	36202
g	139	621	5	5	0	0	60s	100	1	36203
g	137	657	5	5	0	0	60s	100	1	36201
g	197	696	5	5	0	0	60s	100	1	36202
g	124	713	5	5	0	0	60s	100	1	36203
g	204	751	5	5	0	0	60s	100	1	36201
g	151	725	5	5	0	0	60s	100	1	36202
g	286	551	5	5	0	0	60s	100	1	36203
g	331	542	5	5	0	0	60s	100	1	36201
g	362	532	5	5	0	0	60s	100	1	36202
g	331	569	5	5	0	0	60s	100	1	36203
g	292	581	5	5	0	0	60s	100	1	36201
g	267	559	5	5	0	0	60s	100	1	36202
g	405	483	5	5	0	0	60s	100	1	36203
g	433	437	5	5	0	0	60s	100	1	36201
g	406	573	5	5	0	0	60s	100	1	36202
g	481	550	5	5	0	0	60s	100	1	36203
g	466	575	5	5	0	0	60s	100	1	36201
g	461	553	5	5	0	0	60s	100	1	36202
g	543	553	5	5	0	0	60s	100	1	36203
g	569	582	5	5	0	0	60s	100	1	36201
g	574	544	5	5	0	0	60s	100	1	36202
g	621	500	5	5	0	0	60s	100	1	36203
g	640	471	5	5	0	0	60s	100	1	36201
g	615	438	5	5	0	0	60s	100	1	36202
g	605	422	5	5	0	0	60s	100	1	36203
g	663	223	5	5	0	0	60s	100	1	36201
g	737	136	5	5	0	0	60s	100	1	36202
g	664	177	5	5	0	0	60s	100	1	36203
g	705	159	5	5	0	0	60s	100	1	36201
g	691	158	5	5	0	0	60s	100	1	36202
g	599	499	5	5	0	0	60s	100	1	36203
g	913	393	5	5	0	0	60s	100	1	36201
g	921	429	5	5	0	0	60s	100	1	36202
g	901	417	5	5	0	0	60s	100	1	36203
g	881	405	5	5	0	0	60s	100	1	36201
g	880	427	5	5	0	0	60s	100	1	36202
g	912	452	5	5	0	0	60s	100	1	36203
g	865	460	5	5	0	0	60s	100	1	36201
g	894	477	5	5	0	0	60s	100	1	36202
g	789	452	5	5	0	0	60s	100	1	36203
g	772	457	5	5	0	0	60s	100	1	36201
g	734	473	5	5	0	0	60s	100	1	36202
g	715	502	5	5	0	0	60s	100	1	36203
g	740	531	5	5	0	0	60s	100	1	36201
g	754	548	5	5	0	0	60s	100	1	36202
g	763	586	5	5	0	0	60s	100	1	36203
g	780	574	5	5	0	0	60s	100	1	36201
g	822	595	5	5	0	0	60s	100	1	36202
g	854	574	5	5	0	0	60s	100	1	36203
g	858	541	5	5	0	0	60s	100	1	36201
g	864	519	5	5	0	0	60s	100	1	36202
g	884	528	5	5	0	0	60s	100	1	36203
g	915	557	5	5	0	0	60s	100	1	36201
g	922	577	5	5	0	0	60s	100	1	36202
g	921	602	5	5	0	0	60s	100	1	36203
g	900	612	5	5	0	0	60s	100	1	36201
g	916	641	5	5	0	0	60s	100	1	36202
g	886	669	5	5	0	0	60s	100	1	36203
g	871	660	5	5	0	0	60s	100	1	36201
g	840	613	5	5	0	0	60s	100	1	36202
g	881	631	5	5	0	0	60s	100	1	36203
g	798	613	5	5	0	0	60s	100	1	36201
g	790	630	5	5	0	0	60s	100	1	36202
g	761	639	5	5	0	0	60s	100	1	36203
g	741	656	5	5	0	0	60s	100	1	36201
g	857	690	5	5	0	0	60s	100	1	36202
g	860	708	5	5	0	0	60s	100	1	36203
g	851	725	5	5	0	0	60s	100	1	36201
g	838	741	5	5	0	0	60s	100	1	36202
g	872	754	5	5	0	0	60s	100	1	36203
g	873	772	5	5	0	0	60s	100	1	36201
g	841	755	5	5	0	0	60s	100	1	36202
g	597	613	5	5	0	0	60s	100	1	36203
g	661	594	5	5	0	0	60s	100	1	36201
g	701	600	5	5	0	0	60s	100	1	36202
g	677	632	5	5	0	0	60s	100	1	36203
g	684	656	5	5	0	0	60s	100	1	36201
g	730	689	5	5	0	0	60s	100	1	36202
g	774	728	5	5	0	0	60s	100	1	36203
g	816	707	5	5	0	0	60s	100	1	36201
g	788	752	5	5	0	0	60s	100	1	36202
g	742	720	5	5	0	0	60s	100	1	36203
g	648	702	5	5	0	0	60s	100	1	36201
g	601	628	5	5	0	0	60s	100	1	36202
g	544	650	5	5	0	0	60s	100	1	36203
g	505	652	5	5	0	0	60s	100	1	36201
g	479	647	5	5	0	0	60s	100	1	36202
g	422	644	5	5	0	0	60s	100	1	36203
g	428	676	5	5	0	0	60s	100	1	36201
g	419	690	5	5	0	0	60s	100	1	36202
g	532	679	5	5	0	0	60s	100	1	36203
g	368	650	5	5	0	0	60s	100	1	36201
g	348	658	5	5	0	0	60s	100	1	36202
g	295	655	5	5	0	0	60s	100	1	36203
g	297	674	5	5	0	0	60s	100	1	36201
g	607	696	5	5	0	0	60s	100	1	36202
g	645	723	5	5	0	0	60s	100	1	36203
g	604	713	5	5	0	0	60s	100	1	36201
g	579	717	5	5	0	0	60s	100	1	36202
g	565	724	5	5	0	0	60s	100	1	36203
g	613	726	5	5	0	0	60s	100	1	36201
g	541	720	5	5	0	0	60s	100	1	36202
g	564	742	5	5	0	0	60s	100	1	36203
g	648	736	5	5	0	0	60s	100	1	36201
g	636	713	5	5	0	0	60s	100	1	36202
g	598	750	5	5	0	0	60s	100	1	36203
g	501	715	5	5	0	0	60s	100	1	36201
g	501	732	5	5	0	0	60s	100	1	36202
g	536	733	5	5	0	0	60s	100	1	36203
g	552	754	5	5	0	0	60s	100	1	36201
g	531	770	5	5	0	0	60s	100	1	36202
g	529	755	5	5	0	0	60s	100	1	36203
g	485	747	5	5	0	0	60s	100	1	36201
g	512	774	5	5	0	0	60s	100	1	36202
g	540	777	5	5	0	0	60s	100	1	36203
g	495	770	5	5	0	0	60s	100	1	36201
g	475	766	5	5	0	0	60s	100	1	36202
g	472	750	5	5	0	0	60s	100	1	36203
g	440	741	5	5	0	0	60s	100	1	36201
g	396	753	5	5	0	0	60s	100	1	36202
g	377	780	5	5	0	0	60s	100	1	36203
g	352	778	5	5	0	0	60s	100	1	36201
g	317	751	5	5	0	0	60s	100	1	36202
g	332	765	5	5	0	0	60s	100	1	36203
g	325	685	5	5	0	0	60s	100	1	36201
g	291	706	5	5	0	0	60s	100	1	36202
g	235	744	5	5	0	0	60s	100	1	36203
g	240	706	5	5	0	0	60s	100	1	36201
g	190	742	5	5	0	0	60s	100	1	36202
g	236	761	5	5	0	0	60s	100	1	36203
g	219	796	5	5	0	0	60s	100	1	36201
g	161	804	5	5	0	0	60s	100	1	36202
g	138	780	5	5	0	0	60s	100	1	36203
g	130	734	5	5	0	0	60s	100	1	36201
g	89	775	5	5	0	0	60s	100	1	36202
g	119	810	5	5	0	0	60s	100	1	36203
g	142	799	5	5	0	0	60s	100	1	36201
g	150	833	5	5	0	0	60s	100	1	36202
g	164	853	5	5	0	0	60s	100	1	36203
g	203	863	5	5	0	0	60s	100	1	36201
g	141	864	5	5	0	0	60s	100	1	36202
g	198	817	5	5	0	0	60s	100	1	36203
g	252	818	5	5	0	0	60s	100	1	36201
g	234	830	5	5	0	0	60s	100	1	36202
g	337	843	5	5	0	0	60s	100	1	36203
g	335	863	5	5	0	0	60s	100	1	36201
g	181	900	5	5	0	0	60s	100	1	36202
g	210	951	5	5	0	0	60s	100	1	36203
g	170	911	5	5	0	0	60s	100	1	36201
g	134	885	5	5	0	0	60s	100	1	36202
g	94	899	5	5	0	0	60s	100	1	36203
g	88	922	5	5	0	0	60s	100	1	36201
g	186	939	5	5	0	0	60s	100	1	36202
g	126	859	5	5	0	0	60s	100	1	36203
g	329	908	5	5	0	0	60s	100	1	36201
g	370	860	5	5	0	0	60s	100	1	36202
g	406	860	5	5	0	0	60s	100	1	36203
g	209	492	5	5	0	0	60s	100	1	36201
g	236	498	5	5	0	0	60s	100	1	36202
g	210	461	5	5	0	0	60s	100	1	36203
g	490	801	5	5	0	0	60s	100	1	36201
g	538	824	5	5	0	0	60s	100	1	36202
g	522	858	5	5	0	0	60s	100	1	36203
g	509	882	5	5	0	0	60s	100	1	36201
g	432	921	5	5	0	0	60s	100	1	36202
g	480	907	5	5	0	0	60s	100	1	36203
g	506	835	5	5	0	0	60s	100	1	36201
g	580	824	5	5	0	0	60s	100	1	36202
g	642	802	5	5	0	0	60s	100	1	36203
g	666	854	5	5	0	0	60s	100	1	36201
g	645	772	5	5	0	0	60s	100	1	36202
g	716	792	5	5	0	0	60s	100	1	36203
g	669	820	5	5	0	0	60s	100	1	36201
g	712	776	5	5	0	0	60s	100	1	36202
g	716	712	5	5	0	0	60s	100	1	36203
g	765	766	5	5	0	0	60s	100	1	36201
g	826	784	5	5	0	0	60s	100	1	36202
g	907	786	5	5	0	0	60s	100	1	36203
g	913	820	5	5	0	0	60s	100	1	36201
g	933	833	5	5	0	0	60s	100	1	36202
g	936	870	5	5	0	0	60s	100	1	36203
g	883	883	5	5	0	0	60s	100	1	36201
g	848	870	5	5	0	0	60s	100	1	36202
g	864	890	5	5	0	0	60s	100	1	36203
g	872	819	5	5	0	0	60s	100	1	36201
g	899	903	5	5	0	0	60s	100	1	36202
g	896	920	5	5	0	0	60s	100	1	36203
g	866	908	5	5	0	0	60s	100	1	36201
g	829	932	5	5	0	0	60s	100	1	36202
g	847	940	5	5	0	0	60s	100	1	36203
g	798	940	5	5	0	0	60s	100	1	36201
g	817	893	5	5	0	0	60s	100	1	36202
g	816	800	5	5	0	0	60s	100	1	36203
g	774	847	5	5	0	0	60s	100	1	36201
g	712	827	5	5	0	0	60s	100	1	36202
g	695	841	5	5	0	0	60s	100	1	36203
g	754	815	5	5	0	0	60s	100	1	36201
g	736	776	5	5	0	0	60s	100	1	36202
g	618	902	5	5	0	0	60s	100	1	36203
g	594	921	5	5	0	0	60s	100	1	36201
g	630	922	5	5	0	0	60s	100	1	36202
g	679	915	5	5	0	0	60s	100	1	36203
g	697	915	5	5	0	0	60s	100	1	36201
g	734	892	5	5	0	0	60s	100	1	36202
g	787	789	5	5	0	0	60s	100	1	36203
