//type	cx	cy	sx	sy	z	dig	time	percent	count	vnum
//----------------------------------------------------------
m	147	126	30	30	0	0	27m-33m	100	1	8052
m	221	490	30	30	0	0	27m-33m	100	1	8052
m	285	339	30	30	0	0	27m-33m	100	1	8052
m	364	197	30	30	0	0	27m-33m	100	1	8052
m	481	382	30	30	0	0	27m-33m	100	1	8052
m	761	237	30	30	0	0	27m-33m	100	1	8052
m	785	445	30	30	0	0	27m-33m	100	1	8052
m	122	616	30	30	0	0	27m-33m	100	1	8053
m	320	850	30	30	0	0	27m-33m	100	1	8053
m	486	566	30	30	0	0	27m-33m	100	1	8053
m	543	848	30	30	0	0	27m-33m	100	1	8053
m	695	614	30	30	0	0	27m-33m	100	1	8053
m	850	897	30	30	0	0	27m-33m	100	1	8053
m	875	645	30	30	0	0	27m-33m	100	1	8053
