g	223	230	5	5	0	0	15s	100	1	36501
g	233	199	5	5	0	0	15s	100	1	36502
g	238	262	5	5	0	0	15s	100	1	36501
g	247	209	5	5	0	0	15s	100	1	36501
g	252	242	5	5	0	0	15s	100	1	36502
g	260	230	5	5	0	0	15s	100	1	36501
g	263	204	5	5	0	0	15s	100	1	36501
g	266	229	5	5	0	0	15s	100	1	36502
g	272	216	5	5	0	0	15s	100	1	36501
g	273	231	5	5	0	0	15s	100	1	36501
g	278	221	5	5	0	0	15s	100	1	36502
g	283	212	5	5	0	0	15s	100	1	36501
g	289	221	5	5	0	0	15s	100	1	36501
g	295	251	5	5	0	0	15s	100	1	36502
g	302	217	5	5	0	0	15s	100	1	36501
g	312	220	5	5	0	0	15s	100	1	36501
